$ 3 0.5 382.76258214399064 50 7 50 5e-11
a -656 360 -584 360 10 5 0 1000000 4.375 4.715569328816518 100000
a -656 408 -584 408 10 5 0 1000000 3.75 4.715569328816518 100000
a -656 456 -584 456 10 5 0 1000000 3.124999999999999 4.715569328816518 100000
a -656 504 -584 504 10 5 0 1000000 2.499999999999999 4.715569328816518 100000
a -656 552 -584 552 10 5 0 1000000 1.8749999999999993 4.715569328816518 100000
a -656 600 -584 600 10 5 0 1000000 1.2499999999999993 4.715569328816518 100000
a -656 648 -584 648 10 5 0 1000000 0.6249999999999997 4.715569328816518 100000
r -688 304 -688 352 0 1000
r -688 352 -688 400 0 1000
r -688 400 -688 448 0 1000
r -688 448 -688 496 0 1000
r -688 496 -688 544 0 1000
r -688 544 -688 592 0 1000
r -688 592 -688 640 0 1000
r -688 640 -688 688 0 1000
R -928 224 -968 224 0 0 40 5 0 0 0.5
w -688 352 -656 352 0
w -688 400 -656 400 0
w -688 448 -656 448 0
w -688 496 -656 496 0
w -688 544 -656 544 0
w -688 592 -656 592 0
w -688 640 -656 640 0
w -656 368 -656 416 0
w -656 416 -656 464 0
w -656 464 -656 512 0
w -656 512 -656 560 0
w -656 560 -656 608 0
w -656 608 -656 656 0
w -656 368 -656 320 0
154 -472 664 -408 664 1 7 5 5
w -584 648 -584 688 0
w -584 688 -472 688 0
w -584 600 -576 600 0
w -576 600 -576 680 0
w -576 680 -472 680 0
w -584 552 -568 552 0
w -568 552 -568 672 0
w -568 672 -472 672 0
w -584 504 -560 504 0
w -560 504 -560 664 0
w -560 664 -472 664 0
w -584 456 -552 456 0
w -552 456 -552 656 0
w -552 656 -472 656 0
w -584 408 -544 408 0
w -544 408 -544 648 0
w -544 648 -472 648 0
w -584 360 -536 360 0
w -536 360 -536 640 0
w -536 640 -472 640 0
154 -480 592 -408 592 1 3 5 5
w -576 600 -480 600 0
w -480 592 -512 592 0
w -480 584 -504 584 0
w -512 592 -512 504 0
w -512 504 -560 504 0
w -504 584 -504 408 0
w -504 408 -544 408 0
w -512 504 -408 504 0
w -408 664 -408 624 0
w -408 504 -408 560 0
w -408 560 -384 560 0
w -408 592 -384 592 0
w -408 624 -384 624 0
197 -336 560 -328 560 1
157 -224 560 -200 560 1 7 0 0
w -384 624 -336 608 0
w -384 592 -336 592 0
w -384 560 -336 576 0
w -272 560 -224 560 0
w -272 576 -224 576 0
w -272 592 -224 592 0
w -272 608 -224 608 0
w -272 624 -192 624 0
w -272 640 -176 640 0
w -176 624 -176 640 0
w -272 656 -160 656 0
w -160 656 -160 624 0
374 -1336 152 -1336 288 0 0.9901000000000001 Light\sBrightness
w -656 320 -656 272 0
374 -1336 288 -1336 424 0 0.406 Variable\sResistor
w -1336 424 -1336 520 0
g -688 736 -688 768 0 0
w -688 688 -688 736 0
w -336 560 -336 416 0
w -336 416 -272 416 0
w -272 416 -272 456 0
g -272 456 -272 480 0 0
c -1032 136 -928 136 4 0.0000021829999999999997 0.1971647673150354 0.001 0
c -1096 288 -1096 416 4 0.00000102 4.9072915971221756 0.001 0
r -1096 288 -1208 288 0 12830
r -1208 288 -1336 288 0 9810
w -928 304 -928 328 0
g -1096 416 -1096 456 0 0
w -1208 288 -1208 136 0
w -1032 136 -1208 136 0
w -1032 256 -1032 176 0
w -1032 176 -872 176 0
w -816 272 -776 272 0
w -816 272 -816 136 0
w -816 136 -928 136 0
w -928 224 -928 240 0
R -1336 152 -1408 152 0 0 40 5 0 0 0.5
g -1336 520 -1336 552 0 0
w -736 328 -736 304 0
w -736 304 -688 304 0
409 -1016 272 -840 272 1 0.6 -4.9566919047779905 0.023100000000000002 0
w -840 272 -816 272 0
w -872 176 -840 176 0
w -840 176 -840 272 0
w -1016 288 -1096 288 0
w -1016 256 -1032 256 0
g -928 328 -928 368 0 0
w -776 272 -656 272 0
R -736 328 -776 328 0 0 40 5 0 0 0.5
o 62 32 0 4098 5.000349997499988 0.0001 0 2 62 3
o 63 32 0 4098 5 0.00009765625 1 2 63 3
o 64 32 0 4098 5 0.00009765625 1 2 64 3
38 81 F1 0 1 100000 -1 Slider\sText
