$ 3 0.01 0.06872892787909722 56 5 43 5e-11
a -776 360 -704 360 10 5 0 1000000 4.210526315789472 4.680646711172966 100000
a -776 408 -704 408 10 5 0 1000000 3.947368421052629 4.680646711172966 100000
a -776 456 -704 456 10 5 0 1000000 3.6842105263157867 4.680646711172966 100000
a -776 504 -704 504 10 5 0 1000000 3.4210526315789442 4.680646711172966 100000
a -776 552 -704 552 10 5 0 1000000 3.157894736842102 4.680646711172966 100000
a -776 600 -704 600 10 5 0 1000000 2.8947368421052597 4.680646711172966 100000
a -776 648 -704 648 10 5 0 1000000 2.6315789473684177 4.680646711172966 100000
r -808 304 -808 352 0 3000
r -808 352 -808 400 0 1000
r -808 400 -808 448 0 1000
r -808 448 -808 496 0 1000
r -808 496 -808 544 0 1000
r -808 544 -808 592 0 1000
r -808 592 -808 640 0 1000
r -808 640 -808 688 0 10000
w -808 352 -776 352 0
w -808 400 -776 400 0
w -808 448 -776 448 0
w -808 496 -776 496 0
w -808 544 -776 544 0
w -808 592 -776 592 0
w -776 368 -776 416 0
w -776 416 -776 464 0
w -776 464 -776 512 0
w -776 512 -776 560 0
w -776 560 -776 608 0
w -776 608 -776 656 0
w -776 368 -776 320 0
154 -592 664 -528 664 1 7 5 5
w -704 648 -704 688 0
w -704 688 -592 688 0
w -704 600 -696 600 0
w -696 600 -696 680 0
w -696 680 -592 680 0
w -704 552 -688 552 0
w -688 552 -688 672 0
w -688 672 -592 672 0
w -704 504 -680 504 0
w -680 504 -680 664 0
w -680 664 -592 664 0
w -704 456 -672 456 0
w -672 456 -672 656 0
w -672 656 -592 656 0
w -704 408 -664 408 0
w -664 408 -664 648 0
w -664 648 -592 648 0
w -704 360 -656 360 0
w -656 360 -656 640 0
w -656 640 -592 640 0
154 -600 592 -528 592 1 3 5 5
w -696 600 -600 600 0
w -600 592 -632 592 0
w -600 584 -624 584 0
w -632 592 -632 504 0
w -632 504 -680 504 0
w -624 584 -624 408 0
w -624 408 -664 408 0
w -632 504 -528 504 0
374 -1528 152 -1528 288 0 0.9901000000000001 Light\sBrightness
w -776 320 -776 272 0
374 -1528 288 -1528 424 0 0.0001 Variable\sResistor
w -1528 424 -1528 520 0
c -1152 136 -1048 136 4 0.000002 0.2603448967814055 0.001 0
c -1216 288 -1216 416 4 0.00000102 4.930433886561363 0.001 0
r -1216 288 -1328 288 0 12000
r -1328 288 -1456 288 0 10000
g -1216 416 -1216 456 0 0
w -1328 288 -1328 136 0
w -1152 136 -1328 136 0
w -1152 256 -1152 176 0
w -1152 176 -992 176 0
w -936 272 -896 272 0
w -936 272 -936 136 0
w -936 136 -1048 136 0
R -1528 152 -1600 152 0 1 50 5 5 0 0.5
409 -1136 272 -960 272 1 0.6 -4.95671583874433 0.023100000000000002 0
w -960 272 -936 272 0
w -992 176 -960 176 0
w -960 176 -960 272 0
w -1136 288 -1216 288 0
w -1136 256 -1152 256 0
w -896 272 -776 272 0
w -808 304 -808 168 0
R -808 168 -808 120 0 0 40 5 0 0 0.5
w -808 688 -808 712 0
w -808 640 -776 640 0
R -1048 240 -1032 208 0 0 40 5 0 0 0.5
g -1048 304 -1048 352 0 0
g -1528 520 -1528 560 0 0
R -808 712 -808 760 0 0 40 0 0 0 0.5
w 872 456 952 456 0
g 952 456 952 496 0 0
w 1048 672 1048 640 0
w 936 672 1048 672 0
w 1032 640 1032 656 0
w 936 656 1032 656 0
w 936 640 1016 640 0
w 936 624 984 624 0
w 936 608 984 608 0
w 936 592 984 592 0
w 936 576 984 576 0
157 984 576 1008 576 1 7 0 0
197 872 576 880 576 1
w 872 576 872 456 0
165 -176 -128 -8 -128 6 4.998856543292533
155 -232 392 -112 392 0 5
w -336 504 -336 392 0
w -336 664 -336 776 0
w -336 392 -232 392 0
155 -232 592 -112 592 0 5
155 -232 776 -112 776 0 5
w -336 592 -232 592 0
w -336 776 -232 776 0
g -224 48 -224 88 0 0
w -48 -96 -48 -160 0
w -48 -160 -112 -160 0
w -112 -160 -224 -160 0
r -224 -160 -224 -96 0 10000
c -224 -32 -224 48 4 0.00009999999999999999 2.7119431283559745 0.001 0
w -80 32 -80 48 0
R -112 -160 -112 -208 0 0 40 5 0 0 0.5
164 40 -64 136 -64 0 4 5 5 0 5 false 0
155 328 776 448 776 0 5
155 328 592 448 592 0 5
155 328 392 448 392 0 5
w -136 392 328 392 0
w -136 592 328 592 0
w -136 776 328 776 0
w 424 392 600 392 0
w 600 392 600 544 0
w 600 640 600 768 0
w 424 776 600 776 0
w 600 768 600 776 0
w -232 392 -232 504 0
w -232 504 -136 504 0
w -232 592 -232 704 0
w -232 704 -136 704 0
w -232 776 -232 888 0
w -232 888 -136 888 0
w -232 808 -264 808 0
w -232 424 -264 424 0
w -264 424 -264 624 0
w -264 624 -232 624 0
w -264 624 -264 808 0
152 40 368 40 280 0 3 0 5
154 -80 464 8 464 1 2 0 5
154 -64 664 24 664 1 2 0 5
154 -32 848 56 848 1 2 0 5
w 24 376 24 664 0
w 56 368 56 848 0
w -264 304 -264 424 0
150 312 88 312 168 1 3 0 5
w 328 424 288 424 0
w 288 424 288 288 0
w 328 624 288 624 0
w 288 624 288 424 0
w 328 808 288 808 0
w 288 808 288 624 0
w -80 48 -224 48 0
w -8 -64 -8 -224 0
w -192 -224 -192 -32 0
r -192 -224 -8 -224 0 2000
w -176 -32 -192 -32 0
w -176 0 -192 0 0
w -192 0 -192 -32 0
w -192 -32 -216 -32 0
w -216 -32 -224 -32 0
w -224 -96 -224 -32 0
419 520 -64 640 -64 0 4
w -80 472 -136 504 0
w -80 456 -136 392 0
w -64 656 -136 592 0
w -64 672 -136 704 0
w -32 840 -136 776 0
w -32 856 -136 888 0
419 -1584 936 -1464 936 1024 8
w -584 1592 -584 1784 0
w -832 1792 -832 1624 0
I 3080 1008 3168 1008 0 0.5 5
I 3080 976 3168 976 0 0.5 5
I 3080 1040 3168 1040 0 0.5 5
w 3032 1304 3032 1040 0
w 3120 1304 3032 1304 0
w 3048 1272 3048 1008 0
w 3120 1272 3048 1272 0
w 3064 1240 3064 976 0
w 3120 1240 3064 1240 0
w 3080 1208 3080 944 0
w 3120 1208 3080 1208 0
419 3120 1208 3240 1208 0 5
w 2664 1080 2664 1144 0
w 2672 1144 2664 1144 0
w 2696 1144 2672 1144 0
w 2696 1176 2696 1144 0
w 2712 1176 2696 1176 0
w 2712 1144 2696 1144 0
r 2712 944 2880 944 0 2000
w 2696 944 2696 1144 0
w 2712 944 2696 944 0
w 2880 1112 2880 944 0
w 2840 1112 2880 1112 0
w 2776 1224 2664 1224 0
w 2776 1224 2808 1224 0
164 2920 944 3016 944 0 5 0 5 5 5 5 false 0
R 2776 1016 2776 968 0 0 40 5 0 0 0.5
w 2808 1208 2808 1224 0
c 2664 1144 2664 1224 4 0.00009999999999999999 2.5596689346706554 0.001 0
r 2664 1016 2664 1080 0 12000
w 2776 1016 2664 1016 0
w 2840 1016 2776 1016 0
w 2840 1080 2840 1016 0
g 2808 1224 2808 1256 0 0
165 2712 1048 2880 1048 6 0.0012791948699003774
w -712 1608 -712 1792 0
w -192 1448 -192 1672 0
g -288 1232 -288 1280 0 0
w -288 1072 -288 1232 0
w -368 1072 -288 1072 0
w -368 1088 -368 1072 0
w -496 1072 -368 1072 0
w -496 1088 -496 1072 0
w -880 968 -880 1088 0
w -1208 968 -880 968 0
w -1208 1608 -1208 968 0
w -712 1608 -1208 1608 0
w -712 1416 -712 1608 0
w -848 984 -848 1088 0
w -1192 984 -848 984 0
w -1192 1592 -1192 984 0
w -584 1592 -1192 1592 0
w -584 1416 -584 1592 0
w -624 1000 -624 1088 0
w -1176 1000 -624 1000 0
w -1176 1576 -1176 1000 0
w -456 1576 -1176 1576 0
w -456 1416 -456 1576 0
w -592 1016 -592 1088 0
w -1160 1016 -592 1016 0
w -1160 1560 -1160 1016 0
w -336 1560 -1160 1560 0
w -336 1416 -336 1560 0
w -560 1032 -560 1088 0
w -1144 1032 -560 1032 0
w -1144 1544 -1144 1032 0
w -208 1544 -1144 1544 0
w -208 1416 -208 1544 0
w -224 1416 -208 1416 0
w -528 1048 -528 1088 0
w -1128 1048 -528 1048 0
w -1128 1528 -1128 1048 0
w -64 1528 -1128 1528 0
w -64 1416 -64 1528 0
w -88 1416 -64 1416 0
w -184 1320 -184 1416 0
w -464 1320 -184 1320 0
w -320 1344 -320 1416 0
w -496 1344 -320 1344 0
w -688 1328 -688 1416 0
w -816 1416 -816 1312 0
155 -184 1416 -64 1416 2 0
155 -320 1416 -200 1416 2 5
155 -440 1416 -320 1416 2 0
155 -560 1416 -440 1416 2 0
155 -688 1416 -568 1416 2 0
150 3224 992 3320 992 1 5 0 5
197 -496 184 -488 184 6145
157 -448 48 -424 48 1 7 0 0
w -368 1768 -288 1768 0
g -288 1768 -288 1808 0 0
w -192 1984 -192 1952 0
w -304 1984 -192 1984 0
w -208 1952 -208 1968 0
w -304 1968 -208 1968 0
w -304 1952 -224 1952 0
w -304 1936 -256 1936 0
w -304 1920 -256 1920 0
w -304 1904 -256 1904 0
w -304 1888 -256 1888 0
157 -256 1888 -232 1888 1 7 0 0
197 -368 1888 -360 1888 1
w -368 1888 -368 1768 0
155 -816 1416 -696 1416 2 5
155 -680 1816 -560 1816 5120 0
196 -976 1120 -664 1120 4098 4
196 -656 1120 -344 1120 4098 4
w -464 1184 -464 1320 0
w -496 1184 -496 1344 0
w -528 1184 -528 1368 0
w -560 1184 -560 1328 0
w -624 1184 -656 1184 0
w -656 1184 -656 1088 0
w -688 1088 -656 1088 0
w -816 1088 -816 1072 0
w -784 1088 -784 1072 0
w -752 1088 -752 1072 0
w -720 1088 -720 1072 0
w -816 1072 -784 1072 0
w -784 1072 -752 1072 0
w -752 1072 -720 1072 0
w -912 1088 -912 952 0
w -944 1088 -944 936 0
w -560 1416 -560 1328 0
w -784 1184 -784 1328 0
w -784 1328 -688 1328 0
w -816 1184 -816 1312 0
w 3080 944 3168 944 0
w 3168 944 3224 976 0
w 3168 976 3224 984 0
w 3168 1008 3224 992 0
w 3168 1040 3224 1000 0
w -192 1672 296 1672 0
I 320 32 320 88 0 0.5 5
w 136 -32 288 -32 0
w 288 -32 520 -32 0
w 136 0 296 0 0
w 296 0 520 0 0
w 520 32 320 32 0
w 136 32 320 32 0
w 136 -64 520 -64 0
429 816 656 656 656 0 0 false 3
w 600 544 656 544 0
w 424 592 656 592 0
w 600 640 656 640 0
w 328 392 328 568 0
w 328 568 656 568 0
w 656 568 656 576 0
w 328 592 328 688 0
w 328 688 480 688 0
w 480 688 480 632 0
w 656 624 480 624 0
w 480 624 480 632 0
w 328 776 328 880 0
w 328 880 656 880 0
w 656 880 656 672 0
w 816 560 872 592 0
w 816 608 872 608 0
w 816 656 872 624 0
b -1439 73 -910 492 0
w -1456 288 -1528 288 0
x -1144 466 -1056 469 4 40 Filter
b -848 288 -541 783 0
w -400 1088 -400 664 0
w -432 1088 -432 592 0
w -464 1088 -464 504 0
w -528 664 -400 664 0
w -400 664 -336 664 0
w -336 592 -432 592 0
w -432 592 -528 592 0
w -528 504 -464 504 0
w -464 504 -336 504 0
w -464 504 -464 232 0
w -432 592 -432 256 0
w -448 232 -448 256 0
w -448 256 -432 256 0
w -400 664 -400 248 0
w -400 248 -432 248 0
w -432 248 -432 232 0
g -480 232 -480 272 0 0
w -384 112 -384 168 0
w -400 112 -400 168 0
w -416 112 -416 168 0
w -448 96 -448 120 0
w -448 120 -432 120 0
w -432 120 -432 168 0
w -448 168 -448 136 0
w -448 136 -456 136 0
w -456 136 -456 80 0
w -456 80 -448 80 0
w -464 168 -464 64 0
w -464 64 -448 64 0
w -480 168 -480 48 0
w -480 48 -448 48 0
x -520 18 -338 21 4 24 Real\stime\sdisplay
x -696 756 -612 759 4 40 ADC
b -531 298 -318 -21 0
b 1170 908 -291 -259 0
w 40 -64 -8 -64 0
w 40 368 40 376 0
w 24 376 40 376 0
w 8 464 8 368 0
w 8 368 24 368 0
w 312 88 296 64 0
w 304 88 288 64 0
w 296 64 296 0 0
w 288 64 288 -32 0
w 312 168 312 288 0
w 288 288 312 288 0
155 -928 1824 -808 1824 5120 0
155 -808 1824 -688 1824 5120 0
w -368 1936 -584 1936 0
w -584 1880 -584 1936 0
w -368 1920 -712 1920 0
w -712 1920 -712 1888 0
w -368 1904 -832 1904 0
w -832 1904 -832 1888 0
w -616 1784 -616 1736 0
w -744 1792 -744 1736 0
w -864 1792 -864 1736 0
w -864 1736 -744 1736 0
w -744 1736 -616 1736 0
w -616 1736 -184 1736 0
w 2880 944 2920 944 0
w 3016 1008 3048 1008 0
w 3016 976 3064 976 0
w 3016 944 3080 944 0
w 3064 976 3080 976 0
w 3048 1008 3080 1008 0
w 3032 1040 3080 1040 0
w 3320 992 3320 1432 0
w 392 1672 776 1672 0
w 128 1736 392 1736 0
x 775 865 995 868 4 40 Stability\spart
b 766 925 -1401 2031 0
w -1240 936 -1456 936 0
w -1224 952 -1456 952 0
w -1208 968 -1440 968 0
w -1456 968 -1456 952 0
w -1440 968 -1440 1000 0
w -1456 1000 -1440 1000 0
w -1192 984 -1424 984 0
w -1424 984 -1424 1032 0
w -1456 1032 -1424 1032 0
w -1176 1000 -1408 1000 0
w -1408 1000 -1408 1064 0
w -1408 1064 -1456 1064 0
w -1160 1016 -1392 1016 0
w -1392 1016 -1392 1096 0
w -1456 1096 -1392 1096 0
w -440 1416 -440 1368 0
w -440 1368 -528 1368 0
w -336 1416 -344 1416 0
w -464 1416 -456 1416 0
w -592 1416 -584 1416 0
w -720 1416 -712 1416 0
155 -936 1416 -816 1416 2 5
155 -1064 1416 -944 1416 2 0
w -848 1184 -848 1328 0
w -848 1328 -936 1328 0
w -936 1328 -936 1416 0
w -880 1184 -880 1304 0
w -880 1304 -1064 1304 0
w -1064 1416 -1064 1304 0
w -968 1416 -960 1416 0
w -840 1416 -832 1416 0
w -832 1416 -832 1624 0
w -832 1624 -1224 1624 0
w -1224 1624 -1224 952 0
w -960 1416 -960 1640 0
w -960 1640 -1240 1640 0
w -1240 1640 -1240 936 0
w -912 952 -1224 952 0
w -944 936 -1240 936 0
w -720 1072 -496 1072 0
w -1144 1032 -1376 1032 0
w -1376 1032 -1376 1128 0
w -1456 1128 -1376 1128 0
w -1128 1048 -1360 1048 0
w -1360 1048 -1360 1160 0
w -1456 1160 -1360 1160 0
w -1072 1448 -1072 1672 0
w -944 1448 -944 1672 0
w -824 1448 -824 1672 0
w -696 1448 -696 1672 0
w -568 1448 -568 1672 0
w -448 1448 -448 1672 0
w -328 1448 -328 1672 0
w -1072 1672 -944 1672 0
w -944 1672 -824 1672 0
w -824 1672 -696 1672 0
w -696 1672 -568 1672 0
w -568 1672 -448 1672 0
w -448 1672 -328 1672 0
w -328 1672 -192 1672 0
w 3016 1072 3016 1336 0
w 3120 1336 3016 1336 0
w 3016 1040 3032 1040 0
w 3016 1072 3168 1072 0
w 3168 1072 3224 1008 0
w 392 1672 392 1736 0
x 42 1943 301 1946 4 40 Averaging\spart
w -328 1448 -320 1448 0
w -192 1448 -184 1448 0
w -568 1448 -560 1448 0
w -696 1448 -688 1448 0
w -816 1448 -824 1448 0
w -1072 1448 -1064 1448 0
w -944 1448 -936 1448 0
w -448 1448 -440 1448 0
w -1064 1480 -1064 1704 0
w -936 1480 -936 1704 0
w -816 1480 -816 1704 0
w -688 1480 -688 1704 0
w -560 1480 -560 1704 0
w -440 1480 -440 1704 0
w -320 1480 -320 1704 0
w -184 1480 -184 1704 0
w -1064 1704 -936 1704 0
w -936 1704 -816 1704 0
w -816 1704 -688 1704 0
w -688 1704 -560 1704 0
w -560 1704 -440 1704 0
w -440 1704 -320 1704 0
w 128 1736 -184 1736 0
w -320 1704 -184 1704 0
w -184 1704 -184 1736 0
w 336 1280 336 1624 0
w 336 1624 392 1672 0
w 296 1672 296 1352 0
w -48 -64 -8 -64 0
w -48 -64 -48 120 0
w 432 1280 448 1280 0
w 736 1152 736 1232 0
w 448 1280 496 1280 0
w 464 1248 496 1248 0
w 480 1216 496 1216 0
w 432 1184 496 1184 0
w 432 1216 480 1216 0
w 432 1248 464 1248 0
w 296 1184 336 1184 0
w 584 1280 640 1248 0
w 584 1216 640 1224 0
w 584 1184 640 1216 0
w 496 1184 584 1184 0
150 640 1232 736 1232 1 4 5 5
165 128 1288 296 1288 6 0.0012791948699003752
g 224 1464 224 1496 0 0
w 256 1320 256 1256 0
w 256 1256 192 1256 0
w 192 1256 80 1256 0
r 80 1256 80 1320 0 12000
c 80 1384 80 1464 4 0.00009999999999999999 2.5596689346706505 0.001 0
w 224 1448 224 1464 0
R 192 1256 192 1208 0 0 40 5 0 0 0.5
164 336 1184 432 1184 0 4 5 5 5 5 false 0
w 192 1464 224 1464 0
w 192 1464 80 1464 0
w 256 1352 296 1352 0
w 296 1352 296 1184 0
w 128 1184 112 1184 0
w 112 1184 112 1384 0
r 128 1184 296 1184 0 2000
w 128 1384 112 1384 0
w 128 1416 112 1416 0
w 112 1416 112 1384 0
w 112 1384 88 1384 0
w 88 1384 80 1384 0
w 80 1320 80 1384 0
419 536 1448 656 1448 0 4
w 536 1448 496 1448 0
w 496 1448 496 1184 0
w 536 1480 480 1480 0
w 480 1480 480 1216 0
w 536 1512 464 1512 0
w 464 1512 464 1248 0
w 536 1544 448 1544 0
w 448 1544 448 1280 0
w 496 1216 584 1216 0
w 496 1248 640 1240 0
w 496 1280 584 1280 0
164 832 1144 928 1144 0 4 0 0 0 5 false 0
w 296 1184 296 1136 0
w 296 1136 736 1136 0
150 736 1144 832 1144 1 2 0 5
419 952 1144 1072 1144 0 4
150 776 1368 776 1424 1 2 0 5
w 928 1144 952 1144 0
w 928 1176 952 1176 0
w 928 1208 936 1208 0
w 928 1240 952 1240 0
w 936 1208 952 1208 0
w 936 1208 936 1368 0
w 936 1368 784 1368 0
w 768 1368 584 1368 0
w 584 1280 584 1368 0
w 776 1424 776 1672 0
w 832 1240 832 1424 0
w 776 1424 832 1424 0
w 40 280 40 32 0
w -48 120 -264 304 0
